[
array([[5.4624897e-01, 2.4768096e-01, 1.4556460e-01, ..., 5.7867712e-01,
        4.5554334e-01, 5.4170746e-01],
       [2.2452552e+00, 1.5994334e+00, 1.1147156e+00, ..., 2.4819484e-01,
        3.9017826e-01, 2.6280621e-01],
       [4.1671777e+00, 3.8175552e+00, 3.0202076e+00, ..., 6.3510722e-01,
        6.0488397e-01, 8.2328826e-01],
       ...,
       [4.5242737e-04, 2.0710655e-04, 2.2738833e-04, ..., 1.3031939e-04,
        2.1871932e-04, 3.3146524e-04],
       [5.5690703e-04, 3.5128437e-04, 3.1929201e-04, ..., 2.3604959e-04,
        4.4018662e-04, 5.8832398e-04],
       [5.9645117e-04, 2.4223674e-04, 3.1842748e-04, ..., 2.6871334e-04,
        2.3753567e-04, 6.7172351e-04]], dtype=float32),
array([[5.28261960e-01, 3.40773761e-01, 3.64203081e-02, ...,
        4.94968325e-01, 3.40660214e-02, 6.10241592e-02],
       [1.47714257e+00, 8.36813867e-01, 6.81992233e-01, ...,
        1.36160457e+00, 7.20932424e-01, 5.77513456e-01],
       [2.13315511e+00, 2.37118530e+00, 2.42295027e+00, ...,
        2.90257120e+00, 1.71677089e+00, 1.24927975e-01],
       ...,
       [2.86732073e-04, 2.23182797e-04, 1.68425191e-04, ...,
        4.66386628e-05, 9.50504182e-05, 1.01365811e-04],
       [2.26811855e-04, 1.57420873e-04, 2.92457495e-04, ...,
        7.80835835e-05, 1.15517389e-04, 9.55912183e-05],
       [3.52372968e-04, 2.86036695e-04, 6.16093748e-05, ...,
        7.29371095e-05, 8.64024987e-05, 1.62979442e-04]], dtype=float32), 
array([[1.2992793e-01, 4.9643394e-02, 5.8306026e-01, ..., 8.2840703e-02,
        2.5342130e-03, 2.2889185e-01],
       [1.6738531e-01, 1.6829827e-01, 5.0865650e-01, ..., 3.2662424e-01,
        3.1669825e-01, 4.0731630e-01],
       [1.2706667e-01, 1.0827064e-01, 4.0436751e-01, ..., 1.7236206e-01,
        3.3250493e-01, 5.8282650e-01],
       ...,
       [3.9454570e-04, 2.7970120e-04, 6.7032655e-05, ..., 5.1820884e-04,
        4.5072302e-04, 2.3226207e-04],
       [7.6335639e-04, 4.5884529e-04, 1.4658972e-04, ..., 5.8171444e-04,
        6.4832438e-04, 2.1206622e-04],
       [8.9842471e-04, 4.6509632e-04, 1.3202771e-04, ..., 7.2093250e-04,
        6.4046000e-04, 2.2259250e-04]], dtype=float32)
]